36.8700
5.1830
2.2900
0.1560
-2.9540
-3.2750
0.9090
-2.7370
-0.0860
0.5480
0.1190
0.3930
0.0130
-2.5020
-2.5060
0.0100
-0.0030
-2.4980
0.2590
0.2640
0.6430
-25.1860
-25.1630
-25.2530
-22.3540
-36.8700
-36.8700
-36.8700
-36.8700
-36.8700
-36.1580
-34.9740
-33.9280
-31.2040
-36.8700
-32.5520
-29.9980
-33.6680
-30.0290
-26.3640
-28.5770
-28.0590
-34.7960
-32.6590
-30.5390
-28.4090
-26.2790
-27.6490
-25.6190
-29.8810
-36.8700
-22.3220
-19.0390
-18.2010
-13.1060
-13.9520
-11.7270
-8.6610
-8.2440
-7.0060
-6.6180
-7.5070
-7.2740
-6.9250
-6.2080
-6.5950
19.4230
20.9120
11.2800
10.2000
17.0590
8.2290
8.1210
7.3690
6.7040
6.3940
6.4410
5.9410
5.7600
5.5960
5.4460
5.3110
10.2230
9.9180
9.6170
8.6000
8.0440
7.5180
6.6620
7.8340
7.1400
6.1340
5.4750
5.5430
20.8760
5.0270
5.1180
4.5330
4.1700
3.1610
2.8470
2.8210
2.4360
2.4690
2.3120
2.2160
11.5400
2.2750
2.0410
3.8830
4.4470
4.6770
5.6470
6.0150
7.1810
9.5590
20.2940
10.7050
11.5150
16.1550
15.5410
21.1640
20.3440
21.9500
21.4390
20.9620
20.4230
19.9200
19.4200
18.9490
18.4750
18.0100
17.5520
19.6060