0.0000
0.1900
0.2400
0.2800
0.3550
0.4200
0.4050
0.3900
0.4400
0.4050
0.4200
0.4200
0.4400
0.4400
0.4400
0.4200
0.5000
0.4800
0.4800
0.5000
0.5000
0.5000
0.5000
0.4800
0.5250
0.5500
0.4200
0.5250
0.5000
0.4600
0.5000
0.4800
0.5000
0.5250
0.5250
0.5000
0.5000
0.5500
0.5000
0.5000
0.4800
0.5250
0.5250
0.5250
0.5800
0.5000
0.5000
0.4800
0.4800
0.4600
0.4600
0.4600
0.4600
0.4800
0.3900
0.4400
0.4600
0.4050
0.4400
0.4800
0.4400
0.4400
0.4600
0.4600
0.4600
0.4600
0.4600
0.4200
0.4200
0.3550
0.2050
0.4050
0.4200
0.4050
0.4600
0.4200
0.4400
0.4800
0.4800
0.5000
0.5000
0.4600
0.4600
0.4600
0.4800
0.4600
0.5000
0.4800
0.5500
0.5500
0.5000
0.5800
0.5500
0.5500
0.5800
0.5800
0.5500
0.5800
0.5800
0.5800
0.5800
0.5800
0.5800
0.5800
0.5800
0.6100
0.6100
0.6100
0.6450
0.5250
0.5500
0.6100
0.6450
0.6100
0.3450
0.6450
0.6100
0.6100
0.6450
0.5800
0.5800
0.5500
0.5800
0.5500
0.5500
0.5500
0.2900
0.5250
0.5500
0.5000
0.4600
0.4400
0.3800
0.3550
0.3050
0.2400
0.1250
0.2100
0.1900
0.1350
0.1350
0.1000
0.1000
0.0450
0.0450
0.0450
0.0450
0.0450
0.0450
0.0450
0.0450
0.0450
0.0450
0.0000
0.0000