0.0000
0.0550
0.0690
0.0810
0.1020
0.1210
0.1160
0.1120
0.1260
0.1160
0.1210
0.1210
0.1260
0.1260
0.1260
0.1200
0.1430
0.1380
0.1380
0.1430
0.1430
0.1430
0.1430
0.1370
0.1100
0.0860
0.0450
0.0340
0.0170
0.0130
0.0050
0.0040
0.0050
0.0030
0.0030
0.0020
0.0020
-0.0080
-0.0060
-0.0050
-0.0060
-0.0050
-0.0050
-0.0010
-0.0490
-0.0700
-0.0910
-0.0970
-0.0970
-0.1120
-0.1170
-0.1220
-0.1220
-0.1320
-0.1090
-0.1230
-0.1310
-0.1150
-0.1250
-0.1370
-0.1260
-0.1260
-0.1310
-0.1320
-0.1320
-0.1320
-0.1320
-0.1210
-0.1210
-0.1020
-0.0590
-0.1160
-0.1210
-0.1160
-0.1290
-0.1100
-0.1080
-0.1180
-0.0950
-0.0890
-0.0770
-0.0620
-0.0540
-0.0540
-0.0480
-0.0430
-0.0450
-0.0390
-0.0440
0.0040
0.0370
0.0510
0.0530
0.0680
0.0660
0.0620
0.0540
0.0540
0.0490
0.0460
0.0440
0.0430
0.0420
0.0390
0.0370
0.0470
0.0530
0.0580
0.0620
0.0490
0.0510
0.0540
0.0570
0.0520
0.0270
0.0470
0.0430
0.0750
0.0640
0.0500
0.0450
0.0380
0.0340
0.0280
0.0250
0.0210
0.0100
0.0150
0.0150
0.0300
0.0210
0.0170
0.0160
0.0150
0.0140
0.0130
0.0070
0.0130
0.0150
0.0160
0.0160
0.0120
0.0140
0.0070
0.0080
0.0090
0.0100
0.0100
0.0100
0.0100
0.0100
0.0100
0.0100
0.0000